282
0 0 3 h
-1 1 4 s 1_Basement
0 -1 5 h
0 -2 6 h
0 -3 7 h
0 -4 8 h
0 -5 9 h
0 -6 10 h
0 -7 11 h
1 -7 12 h 
2 -7 13 h 
3 -7 14 h 
4 -7 15 h 
5 -7 16 h 
6 -7 17 h 
7 -7 18 h 
1 0 19 h 
2 0 20 h 
3 0 21 h 
4 0 22 h 
5 0 23 h 
6 0 24 h 
7 0 25 h 
8 0 26 h 
9 0 27 h 
10 0 28 h 
11 0 29 h 
1 1 30 s 2_Basement
2 1 31 s 3_Basement
3 -1 32 s 14_Basement
4 1 33 s 4_Basement
5 -1 34 s 13_Basement
6 -1 35 s 12_Basement
7 1 36 s 5_Basement
8 -1 37 s 11_Basement
9 -1 38 s 10_Basement
10 1 39 s 6_Basement
11 1 40 s 7_Basement
-1 -1 41 s 16_Basement
-1 -2 42 s 17_Basement
-1 -3 43 s 18_Basement
1 -3 44 s 19_Basement
-1 -4 45 s 20_Basement
-1 -5 46 s 21_Basement
-1 -6 47 s 22_Basement
-1 -8 48 s 23_Basement
1 -6 49 s 24_Basement
1 -8 50 s 25_Basement
2 -6 51 s 31_Basement Common_Basement_Toilet
3 -8 52 s 26_Basement
4 -8 53 s 27_Basement
5 -6 54 s 30_Basement
6 -6 55 s 29_Basement
7 -8 56 s 28_Basement
0 0 57 h
1 0 58 h
2 0 59 h
3 0 60 h
4 0 61 h
5 0 62 h
6 0 63 h
7 0 64 h
8 0 65 h
9 0 66 h
0 -1 67 h
0 -2 68 h
0 -3 69 h
0 -4 70 h
0 -5 71 h
1 -5 72 h
2 -5 73 h
3 -5 74 h
4 -5 75 h
5 -5 76 h
6 -5 77 h
7 -5 78 h
-1 1 79 s 0 Main_Entrance
1 1 80 s 1
2 1 81 s 2
3 -1 82 s 10
4 1 83 s 3
5 -1 84 s 9
6 1 85 s 4
7 -1 86 s 8
7 1 87 s 5
8 1 88 s 6
9 -1 89 s 7 Men_Ground_Floor_Toilet
-1 -1 90 s 12 
-1 -2 91 s 13
1 -2 92 s 28
-1 -3 93 s 15
1 -3 94 s 27
-1 -4 95 s 16
-1 -6 96 s 17 Amphitheater_Spiru_Haret
1 -4 97 s 26
1 -6 98 s 18
2 -4 99 s 25 Women_Ground_Floor_Toilet
3 -6 100 s 19
3 -4 101 s 24
4 -4 102 s 23
5 -6 103 s 20
6 -4 104 s 22
7 -6 105 s 21
0 0 106 h
1 0 107 h
2 0 108 h
3 0 109 h
4 0 110 h
5 0 111 h
0 -1 112 h
0 -2 113 h
0 -3 114 h
0 -4 115 h
1 -4 116 h
2 -4 117 h
3 -4 118 h
4 -4 119 h
5 -4 120 h
-1 1 121 s 113
1 1 122 s 101
2 1 123 s 102
2 -1 124 s 112
3 1 125 s 103
4 1 126 s 104
5 -1 127 s 106 Men_First_Floor_Toilet
-1 -1 128 s 115
-1 -2 129 s 116
-1 -3 130 s 117
-1 -5 131 s 118 Amphitheater_Simion_Stoilow
1 -3 132 s 124
1 -5 133 s 119
2 -3 134 s 123 Women_First_Floor_Toilet
3 -5 135 s 120
4 -3 136 s 122
5 -5 137 s 121
0 0 138 h
1 0 139 h
2 0 140 h
3 0 141 h
4 0 142 h
5 0 143 h
6 0 144 h
7 0 145 h
8 0 146 h
0 -1 147 h
0 -2 148 h
0 -3 149 h
0 -4 150 h
1 -4 151 h
2 -4 152 h
3 -4 153 h
4 -4 154 h
5 -4 155 h
-1 1 156 s 213
1 1 157 s 201
2 1 158 s 202
2 -1 159 s 212
3 -1 160 s 211
4 -1 161 s 210
5 -1 162 s 209
5 1 163 s 203
6 -1 164 s 208
7 -1 165 s 207
7 1 166 s 204
8 1 167 s 205
8 -1 168 s 206 Men_Second_Floor_Toilet
-1 -1 169 s 214
-1 -2 170 s 215
1 -2 171 s 224
-1 -3 172 s 216
-1 -5 173 s 217 Amphitheater_Dimitrie_Pompeiu
1 -3 174 s 223
1 -5 175 s 218
2 -3 176 s 222 Women_First_Floor_Toilet
3 -5 177 s 219
4 -3 178 s 221
5 -5 179 s 220 Grigore_Moisil
0 0 180 h
1 0 181 h 
2 0 182 h 
3 0 183 h 
4 0 184 h 
5 0 185 h 
6 0 186 h 
7 0 187 h 
0 -1 188 h 
0 -2 189 h 
0 -3 190 h 
0 -4 191 h 
0 -5 192 h 
0 -6 193 h 
1 -6 194 h 
2 -6 195 h 
3 -6 196 h 
4 -6 197 h 
5 -6 198 h 
-1 1 199 s 301
1 1 200 s 302
2 1 201 s 303
3 -1 202 s 310
4 -1 203 s 309
5 -1 204 s 308
5 1 205 s 304
6 1 206 s 305
7 1 207 s 306
7 -1 208 s 307 Men_Third_Floor_Toilet
-1 -1 209 s 311
-1 -2 210 s 312
-1 -3 211 s 313
-1 -4 212 s 314
1 -4 213 s 326
-1 -5 214 s 315
1 -5 215 s 325 Terrace
-1 -7 216 s 316 Amphitheater_Gheorghe_Titeica
1 -7 217 s 317
2 -7 218 s 318
2 -5 219 s 324 Women_Third_Floor_Toilet
3 -5 220 s 323
4 -5 221 s 322
5 -7 222 s 321
0 0 223 h
1 0 224 h 
2 0 225 h 
3 0 226 h 
4 0 227 h 
5 0 228 h 
6 0 229 h 
0 -1 230 h 
0 -2 231 h 
0 -3 232 h 
0 -4 233 h 
0 -5 234 h 
1 -5 235 h 
2 -5 236 h 
3 -5 237 h 
4 -5 238 h 
5 -5 239 h 
-1 1 240 s 401
1 1 241 s 402
1 -1 242 s 412
2 -1 243 s 411
3 1 244 s 403
4 1 245 s 404
4 -1 246 s 410
5 1 247 s 405
6 -1 248 s 408 Men_Fourth_Floor_Toilet
-1 -1 249 s 413
-1 -2 250 s 414
1 -3 251 s 425
-1 -4 252 s 415
-1 -6 253 s 416
1 -6 254 s 417
2 -4 255 s 424 Women_Fourth_Floor_Toilet
2 -6 256 s 418
3 -4 257 s 423
4 -4 258 s 422
4 -6 259 s 420
5 -4 260 s 421
8 -6 261 he -1 Basement_Side_Stairs
10 1 262 he 0 Ground_Floor_Side_Stairs
8 -4 263 he 0 Ground_Floor_Side_Stairs
6 1 264 he 1 First_Floor_Side_Stairs
6 -3 265 he 1 First_Floor_Side_Stairs
9 0 266 h
9 1 267 he 2 Second_Floor_Side_Stairs
6 -3 268 he 2 Second_Floor_Side_Stairs
8 0 269 h
8 1 270 he 3 Third_Floor_Side_Stairs
6 -6 271 he 3 Third_Floor_Side_Stairs
5 -1 272 he 4 Fourth_Floor_Side_Stairs
6 -5 273 he 4 Fourth_Floor_Side_Stairs
0.5 -0.5 274 he -1 Basement_Main_Stairs
0.5 -0.5 275 he 0 Ground_Floor_Main_Stairs
0.5 -0.5 276 he 1 First_Floor_Main_Stairs
0.5 -0.5 277 he 2 Second_Floor_Main_Stairs
0.5 -0.5 278 he 3 Third_Floor_Main_Stairs
8 -7 279 h
10 0 280 h
8 -5 281 h
6 0 282 h
6 -4 283 h
6 -4 284 h
274 3
275 57
276 106
277 138
278 180
274 275
275 276
276 277
277 278
279 261
280 262
281 263
282 264
283 265
284 268
29 40
29 28
28 39
28 27
27 38
27 26
26 37
26 25
25 36
25 24
24 35
24 23
23 34
23 22
22 33
22 21
21 32
21 20 
20 31
20 19
19 30
19 3
3 4
3 5
5 41
5 6
6 42
6 7
7 43
7 44
7 8
8 45
8 9
9 46
9 10
10 47
10 11
11 48
11 49
11 12
12 50
12 13
13 51
13 14
14 52
14 15
15 53
15 16
16 54
16 17
17 55
17 18
18 56
18 279
261 263
262 264
66 280
66 89
66 65
65 88
65 64
64 86
64 87
64 63
63 85
63 62
62 84
62 61
61 83
61 60
60 82
60 59
59 81
59 58
58 80
58 57
57 79
57 67
67 90
67 68
68 91
68 92
68 69
69 93
69 94
69 70
70 95
70 71
71 96
71 97
71 72
72 98
72 73
73 99
73 74
74 101
74 100
74 75
75 102
75 76
76 103
76 77
77 104
77 78
78 105
78 281
263 265
264 267
282 111
111 127
111 110
110 126
110 109
109 125
109 108
108 124
108 123
108 107
107 122
107 106
106 121
106 112
112 128
112 113
113 129
113 114
114 130
114 115
115 131
115 132
115 116
116 133
116 117
117 134
117 118
118 135
118 119
119 136
119 120
120 137
120 283
265 268
267 270
267 266
266 146
146 168
146 167
146 145
145 166
145 165
145 144
144 164
144 143
143 163
143 162
143 142
142 161 
142 141
141 160
141 140
140 158
140 159
140 139
139 157
139 138
138 156
138 147
147 169
147 148
148 170
148 171
148 149
149 172
149 150
150 173
150 174
150 151
151 175
151 152
152 176
152 153
153 177
153 154
154 178
154 155
155 179
155 284
268 271
270 272
270 269
269 187
187 207
187 208
187 186
186 206
186 185
185 204
185 205
185 184
184 203
184 183
183 202
183 182
182 201
182 181
181 200
181 180
180 199
180 188
188 209
188 189
189 210
189 190
190 211
190 191
191 212
191 213
191 192
192 214
192 215
192 193
193 216
193 194
194 217
194 195
195 218
195 219
195 196
196 220
196 197
197 221
197 198
198 222
198 271
271 273
229 248
229 228
228 247
228 227
228 272
227 245
227 246
227 226
226 244
226 225
225 243
225 224
224 241
224 242
224 223
223 240 
223 230
230 249
230 231
231 250
231 232
232 251
232 233
233 252
233 234
234 253
234 235
235 254
235 236
236 255
236 256
236 237
237 257
237 238
238 258
238 259
238 239
239 260
239 273